3.44394755 12.999651 -7.20073032 2.08683729 -2.43075895
9.39589024 -6.82607412 -6.65488815 -4.90587711 -4.9179759
7.99875927 -1.84588718 5.343009 3.06404591 1.12837553
5.81888294 7.16204166 -0.840791047 -0.672673643 -0.39343816
3.13825226 8.26994133 2.55048299 -0.00481545832 -2.89317942
7.84013891 17.4002762 -3.37455511 4.91987228 0.240424305
4.4267211 -4.3267827 9.92904854 0.122114614 3.3625288
6.72204399 -18.3889694 -1.32771468 -4.86944008 2.90872145
3.25720978 -0.639149904 -15.4973221 3.58652163 -4.56682348
4.92409277 -1.81108224 12.6157093 -4.44923878 4.29021597
9.83724785 -1.97416234 -12.695612 2.83202744 -4.85898209
1.08887339 1.12974167 -11.3618593 -3.94806457 -2.13433337
5.83789062 -0.42831111 -10.5663929 -3.70587373 -2.41830897
8.58271408 -12.0134315 1.03621924 -1.22791576 0.469215721
6.11739349 -17.0441551 0.72784102 -4.87091112 -0.725177109
3.25130939 -3.40572643 -1.82621515 -2.32494402 2.93697882
1.41947412 6.79113436 -14.2264099 2.10505915 -3.13479257
6.54253483 -4.59197521 -1.64993429 -3.27409506 3.33527637
8.46188164 -7.07646561 -4.41856003 -2.17064023 -1.51205039
1.65509844 12.1761923 14.9225159 4.33175707 3.02533126
8.31028461 -0.516142845 -0.50734663 2.46440649 1.08161914
5.87102079 -9.23631287 -7.53791046 -1.75532401 -4.26119137
8.45402813 -12.4366312 -2.74176502 -4.15830612 3.37679315
5.72153282 -17.3164959 2.48490357 -3.62506938 4.54909039
9.48315525 6.7636013 -2.11335659 -0.590310454 3.10397363
6.15288019 -9.63597202 -5.1965971 -1.19244623 2.27081871
3.77472734 6.66042805 -1.12212205 0.961767673 -2.13602972
8.33669472 6.4967308 10.283392 2.18366981 0.415806502
3.09637499 2.28073549 -9.36979389 -0.182843432 -5.64738464
5.2916894 -6.29950142 -0.904476821 0.300125748 -0.383335561
6.53206587 -9.35356903 -12.0845232 -0.836954534 -4.0784688
7.96436071 1.0065999 8.63192177 -4.30383253 2.35786629
4.63555622 11.601263 8.6920414 3.05625439 0.640649617
1.93353009 -0.981741965 -8.68482399 4.05947876 -0.687057972
3.2195518 12.6690836 -10.5068979 3.87313628 -0.536483526
9.38449001 -14.3593187 -1.13987684 -4.0080781 3.56393409
9.68547058 -7.33422709 -4.49063635 -2.50842333 -1.41792917
3.51950479 7.33785868 -11.0237808 1.62419653 -4.78092051
1.29937482 -7.61042738 -2.53737831 0.186727628 2.8905921
3.05537486 4.56753016 -18.5486603 -0.576408207 -4.68041182
7.32335758 -1.08548117 3.38605285 3.18868256 2.16541934
3.96191359 12.9867496 6.84518528 2.95000601 2.18169618
9.40630341 -4.7920928 12.4407787 -2.36341166 1.61273718
4.10466766 -7.76276064 -1.12835646 -3.4254756 1.14078283
8.13891125 -5.13904572 -0.84675914 1.61293888 3.84073114
2.9424448 -6.65217018 -10.9996033 -2.55486584 -2.14637303
5.18293953 -2.59982848 -2.97555923 -1.77534127 -4.6954298
6.93912792 -12.9065771 -8.05102348 -2.68343639 -0.754952133
5.87847471 -2.8839519 5.89199495 -2.0087111 -1.29677641
3.84144187 8.57209396 -4.02547312 3.29969859 -3.08473134
7.73505306 -5.16630793 6.25376034 1.07629073 0.594062567
8.486269 -4.77540684 -7.98377514 -4.48801613 -5.04704094
7.71510077 2.25042129 5.09829569 3.03543615 1.08213353
8.28588867 5.51462746 14.8933659 4.75185251 3.30115914
2.71333957 -18.7359028 0.744282365 -4.91029835 0.757935464
1.05472445 12.5806398 -13.5019894 3.66184711 -4.19531631
7.14199066 12.1676559 3.65899944 2.42552519 -2.76707125
7.32654476 6.3020854 12.782958 2.86072087 2.72950435
8.02212048 -0.857958555 13.077857 0.446928263 2.77884912
6.82485962 -17.2004433 3.73009157 -4.37458086 0.927469015
7.49426699 -9.60532284 9.5412302 -3.49538016 2.8423543
5.23820019 -0.638799131 -4.58863211 2.52686 -4.23829603
1.14951348 -6.76563787 -1.08852875 -1.69261372 4.2939043
9.96003342 -17.9908333 -12.5128231 -4.16453266 -4.89402533
6.0905652 9.10740566 -6.60644627 1.11057889 -3.01340032
3.94578075 -0.8409338 -4.56967878 -2.67927718 -1.4225539
5.12566137 -6.8164258 -3.01554012 -3.94846678 -4.21996021
2.34700608 -7.15514898 11.9195852 0.347923756 1.84916747
2.00514507 7.21388865 -4.85533524 0.78760469 -0.539966822
2.07549119 13.2593307 -4.79043818 3.5867424 1.2463125
9.10379124 3.51216531 -0.414717793 0.300103456 2.75233221
7.95726824 -3.89176202 3.51912069 -3.10885429 -3.08524561
9.46009922 0.682805836 -14.5172043 -2.52137852 -4.73179388
8.62934494 -3.32736754 -7.82998419 -3.15661025 -1.35497141
2.56905699 11.5562801 -8.39253235 4.30038214 -3.42836046
4.83669281 -3.78557253 -10.1011457 -1.62697721 -1.2917552
4.84726334 5.40553188 -9.58383656 0.517116427 -1.0791111
8.28719997 9.12544918 -15.6446247 0.830744207 -3.92628813
6.16747665 5.19227695 -8.78376961 2.08917475 -0.59643507
5.71775389 -0.0583580732 9.29908371 4.12251759 1.85562539
5.37131357 -10.1909266 9.17291641 -1.51924419 3.81256366
4.33135509 10.301445 6.45805502 1.85585213 0.804914713
9.16649055 5.16197157 11.1641474 4.084342 1.85258567
9.25870323 -0.752783358 -9.33903122 -0.812048674 -0.790026188
9.31872559 -2.89014006 -8.18224049 3.34037995 -3.29012251
4.20003033 -3.9756012 -3.39181399 3.26435757 0.877819836
2.53506207 2.8543396 13.0973835 1.02283788 3.5131433
1.9066782 7.45496798 -4.97849607 3.28351974 1.5978756
4.95451069 -5.34699583 0.218846262 0.144572243 -3.2947433
1.65818357 -2.43603468 1.33276963 -1.41954231 0.910272956
8.64936161 0.796443105 -14.3067808 0.227620676 -2.24066305
1.38557601 -6.35088539 -1.89252901 1.85019553 -3.6302712
3.0393219 3.94271159 -3.61343646 1.31613612 1.11325836
9.6038084 8.22814846 13.9461098 3.55869889 2.90050745
8.62870789 -4.59438181 -2.92602682 -2.17406464 -4.64991426
6.80895519 -0.806041718 7.54606819 2.49057531 2.6536448
2.97515917 -2.98242617 1.17121363 -2.75982308 3.25114083
8.49019432 -12.0589695 3.37172079 -3.51695871 -1.39342964
1.28884447 9.72339344 -9.15866566 1.26706672 -1.04441917
8.41989708 -1.58304691 -0.113555968 -1.53227198 -2.60297751
9.57556438 0.44655782 0.856800079 -4.52351761 3.90250421
8.37679291 -4.64945841 7.60737801 -3.86011863 -1.240569
4.72575283 0.612414062 -6.87541246 -0.134565935 1.51131654
2.95315814 -1.98694706 -0.915267825 3.01914692 3.97936273
1.45865202 2.50924206 -13.3772593 5.13844013 -3.76958537
8.60814857 7.38963842 -9.36521912 4.05778599 -3.97366786
9.52257156 -8.38041496 -2.85426497 -4.36517859 -1.49184537
5.62290049 3.10205531 -14.079423 1.97123861 -2.42219114
4.06709385 0.331532955 -10.90133 2.90727019 -0.769663393
8.10988426 6.12259674 1.14234424 4.14144707 0.43060115
9.58100033 1.83160412 -13.1058283 0.729204476 -3.04575086
4.73710632 4.65207624 9.49146461 1.16077578 3.55120969
6.31396818 -13.9366484 -3.15581727 -3.1381309 0.569116175
3.31907129 -15.8804884 -4.1694088 -4.64061117 2.37463903
2.57939196 9.6466608 -15.6451149 2.5666306 -4.2729845
2.93565845 1.06781483 3.89565825 4.10430717 3.28677177
8.85033989 -0.496832788 -4.74525213 1.14441991 -3.16821408
9.73138618 -7.56066751 9.06906891 -1.05168664 2.20506215
5.05340004 -4.68854618 -16.1046753 -3.54021835 -5.5350647
1.05289674 -12.8745613 11.7264023 -3.57605171 1.52928317
5.96145344 3.96750784 10.5306787 4.92653465 3.30567384
8.07962704 -8.09033871 -9.8304615 -5.00045824 -0.600816667
1.1035862 4.86824322 -3.36271477 4.42034721 1.68597925
5.60658979 1.67526984 -11.0618515 -4.15345907 -1.61061764
9.08465672 5.9239049 -6.04707336 1.35427535 -3.78025198
4.13286018 0.821525574 -2.14281631 1.46103609 -2.62472153
4.72916126 2.41287613 -1.9866581 4.67208576 -1.57283199
5.91166401 8.37556076 -2.01626229 -0.658608496 0.81614089
3.95510936 -12.3134823 -2.07665706 -1.99875307 -2.80562186
4.1225338 -2.90125537 -9.65506744 -3.91547942 -0.461811632
1.78154254 9.18888474 2.88404942 4.57252932 -1.65739226
1.81649208 7.39679813 5.65358543 1.366907 -0.471175104
3.37570429 -3.06239605 -3.82577562 1.80404031 -0.681863666
4.79334068 1.27097321 -9.81988049 4.88837624 -1.45555925
5.54953289 15.5454435 -5.59657431 3.30865717 1.65488935
1.0683409 -7.75198889 4.12838078 -0.440295696 0.786462188
6.60954714 -1.49706578 2.45874262 -3.64077759 0.960360348
7.0799489 -16.9632149 2.9758873 -3.5245204 0.792248249
9.96432304 -1.95693886 0.87049526 -2.08090973 -0.626576424
4.30137825 -10.0769062 16.2230034 -2.37000251 4.81729841
9.40158939 -10.2437277 3.61279178 -4.72652102 -0.0638599917
8.40573883 -4.93563366 -7.09013128 -2.38369775 0.282897115
2.43336558 -14.0710468 9.5516758 -3.45664263 -0.00912969373
4.64779139 7.30817175 12.8631735 4.73345852 3.5523386
1.62282801 9.06580734 8.36005306 3.03322124 -0.506472111
9.61042404 12.6177111 9.43554306 1.91622889 3.78497052
9.29516888 -4.65211678 6.11643267 -0.429112494 4.01896
1.97943544 1.68954957 4.23885489 5.26581287 -1.02704179
6.53871441 5.90475559 8.03485966 1.78201222 3.12458158
9.49995613 -3.30280995 -1.6781553 -3.43167162 1.98494232
2.90324426 15.1661406 4.29915619 4.89984846 1.47248316
4.76847076 -6.14448977 2.50206256 1.2151401 0.812069714
8.70396805 4.58291245 0.462909341 -0.328603327 -3.49050689
5.02229214 -3.11289072 -10.241045 -3.37495017 -2.86848378
3.33261251 5.39618826 9.0818119 2.98162603 0.959029138
1.57660782 -4.39284754 -4.67385864 1.16647339 -4.0934515
4.48407412 15.1812611 -1.98728395 3.99943471 2.95497274
6.06901646 -1.70650136 10.272562 -1.00279093 0.951200187
5.71052504 0.726571321 12.9755392 1.86174607 5.48000526
1.16801035 -13.8080587 8.85912704 -4.79864597 0.669051051
4.19687366 -6.48366213 -2.70700073 -4.32564592 -4.63197994
1.89952838 0.746087551 -7.66080475 -2.05772376 -3.96512604
3.17606044 11.1901674 14.9697351 1.18848205 3.95039034
6.2488842 -8.55119801 13.0701866 -3.28724885 4.09345055
3.88385344 0.379097164 4.05652332 3.58380771 -1.37454855
5.19382906 -0.504261136 -6.31558132 -0.208722651 -0.225266024
6.45981598 -0.135385931 -13.5331059 -0.245579466 -4.45671034
1.82825077 -0.231161535 11.9955158 -2.68676376 3.19238448
7.70400238 10.7363348 9.14256382 2.59880352 1.56925845
2.7262311 0.897644758 10.1068554 0.414961934 3.89799023
6.09165192 15.547389 -8.22376347 3.52636147 -3.39829731
3.20952868 -9.3489275 7.71835423 -1.48228967 0.654149294
1.95462072 6.10796642 2.77901912 0.199432984 1.15870881
1.66849065 -14.5332975 -7.70481348 -4.33675957 -0.228130698
3.2340169 10.5752831 2.14006662 2.52967978 3.41876173
1.60027707 -5.15227985 18.9160938 -3.38522029 4.79570532
6.71359587 0.766943038 3.289891 0.534551501 -2.05392098
9.51248264 -0.737636209 14.0408373 -4.91451883 3.1603539
1.13646972 -1.32420623 -14.2758427 -2.33053803 -4.4233098
5.35356855 -0.804240048 0.523812234 1.61392951 -0.127629042
7.11138201 -11.0285692 2.0452714 -0.844893634 -1.43871987
1.62450266 -0.467096239 -1.72951698 -0.211905047 3.45080733
2.21989727 7.81403685 -19.2511005 0.311030954 -4.76540565
5.82917786 2.94428301 -8.87097073 -2.60275745 -1.36703193
7.22334003 -13.9369612 -2.84749961 -2.73038673 0.554551303
2.41828442 2.81824827 -5.6324172 3.84210229 -0.328170031
1.78275025 -4.55678558 -16.0367374 0.197238758 -4.55440426
2.88255072 -3.97436404 -6.31088305 1.9230423 1.2940495
8.59124184 11.0357656 8.47157478 2.58863926 4.21980858
1.15662539 -0.183281422 -3.72836566 2.95185137 1.10640872
5.33258533 -4.14650345 -1.27685094 -3.15331602 -4.87296963
8.9790802 9.16139793 -10.2438173 3.98629808 -1.82569981
3.36567426 -13.3633718 -9.78507137 -3.94923115 -1.84176004
8.37831688 -8.10520267 4.88101959 -2.21067381 -2.11719513
6.54429054 -1.20947957 -3.51956844 -4.71385479 2.43363166
4.93012714 3.41448045 -0.867474616 -0.781575382 -3.23188519
9.07843781 -3.05023289 7.13463974 2.05094504 0.0657849908
9.94736576 11.4433041 -14.2149849 2.36054087 -4.58095598
6.84142399 1.87544382 -10.5104198 1.16768277 -1.39957011
9.25845909 2.00511146 -2.31522536 0.49292022 2.88439775
